0th iteration.
DNS
0.99588053553
0.99588053553
1.0
0.997936016512
NETBIOS
0.992869875223
0.992869875223
1.0
0.996422182469
HTTP
0.996826041225
0.996826041225
1.0
0.998410498106
Thunder
0.974223784417
0.974223784417
1.0
0.986943620178
Mail_POP
0.861660079051
0.861660079051
1.0
0.925690021231
SSH
0.999079613438
0.999079613438
1.0
0.999539594843
FTP
0.725450901804
0.725450901804
1.0
0.840882694541
Telnet
0.986547085202
0.986547085202
1.0
0.993227990971
SSL
0.979371316306
0.979371316306
1.0
0.989578163772
Bittorrent
0.989894350023
0.989894350023
1.0
0.994921514312
Mail_SMTP
0.997614048483
0.997614048483
1.0
0.99880559935
1th iteration.
DNS
0.995115332429
0.995115332429
1.0
0.997551686616
NETBIOS
0.997890295359
0.997890295359
1.0
0.998944033791
HTTP
0.997642926469
0.997642926469
1.0
0.998820072647
Thunder
0.974556669237
0.974556669237
1.0
0.987114408434
SSH
0.998499365116
0.998499365116
1.0
0.999249119159
FTP
0.965957446809
0.965957446809
1.0
0.982683982684
Telnet
0.978873239437
0.978873239437
1.0
0.989323843416
SSL
0.893123446562
0.893123446562
1.0
0.943544857768
Bittorrent
0.996960486322
0.996960486322
1.0
0.998477929985
Mail_SMTP
0.994628751975
0.994628751975
1.0
0.997307143989
2th iteration.
DNS
0.999871266735
0.999871266735
1.0
0.999935629224
NETBIOS
1.0
1.0
1.0
1.0
HTTP
0.999630935026
0.999630935026
1.0
0.999815433455
Thunder
0.988869361453
0.988869361453
1.0
0.99440353461
Mail_POP
0.9604743083
0.9604743083
1.0
0.979838709677
SSH
0.999079613438
0.999079613438
1.0
0.999539594843
FTP
0.945891783567
0.945891783567
1.0
0.97219361483
Telnet
0.997757847534
0.997757847534
1.0
0.998877665544
SSL
0.99557956778
0.99557956778
1.0
0.997784888014
Bittorrent
0.983463481856
0.983463481856
1.0
0.991662806855
Mail_SMTP
0.998854743272
0.998854743272
1.0
0.999427043545
